nextToken,current_key,parent_key
AAMA-EFRSURBSGpacXFuN0Y4ZElXaWIvVXNhcXBKWlRuNHVEYUpZUkMxMy9Qc3ZsUC9ibi9RRnZTaDVranpzWTB6TzZJNEVndmdrUEFBQUFmakI4QmdrcWhraUc5dzBCQndhZ2J6QnRBZ0VBTUdnR0NTcUdTSWIzRFFFSEFUQWVCZ2xnaGtnQlpRTUVBUzR3RVFRTXRNR2RDcjNKSlhBM0xtR0ZBZ0VRZ0R2ay9yM1pENDNnYlFYM3dET0xaZUdxMjltNjFJUmI2SVlqcFhhVmRlRFl2djYzbkVMVUdISjFRSUp3bkNDOTdpRDBHa0lzbHFaTFFqcVVsUT09sv_E-e3V23iX64Qm-a-RWOoJOsZqFjE-2mkTfeKwP9eN-lSr_QTDN5lzfFJFaHnxQYcali5QlABV9j_8MgFnlFDZLDHV89QqvKQwY0i6MnYi2vqciWRfVXd5JuOf2jPkLoGr9cgz1wtToCjvWg0gDMaO_m0D5RaK2dhTXenrbQ5d0XDZyBQR-Bz3Zx9ypAyELKE6RH-cf3rlC611oePce1zqsDIQBEu60rMs0mw2rJtjmue1l-6L71l3ISeca8FtZGJX54a55MpyF2PQ6e7dnqWE3Xa5E7I3I2uHYrHvJy-2WcDRFXViJJNmbJYHOr6aW_NavptKXCPn9T0sg0jRBb3xoWCchBj3N1zAl4MfLG3E77RPftkQuYVXJAiR840RAbfiCInUjq7AE40CJP1GU3FFuh96582LcB9iJBMLP05tr5rCr6mLfJPkbu3mY8rjFIA8do6bznh0DKR17KBbLd99LUrEkas3JHkTNr9NoAIKc2Sg2DNmRdvJC6wwrRlywCsX8UPaHcCAzDURC0-KRaTzt0ZCtgc8BEaD9ES9kWQ_HWbV4WJia6aaOBBBu1EkVstemYoJ3fjH81pdLAs8PQTwQeKssQzsTuz2nnFH48BRcztlN4AzXOFhnTDcMdYy6H6DbGaYVJEAwVCtcEBMIY_iRS6T0cWUv1u__dKEo4x19j1ngkS5jypGo-f72HfLeEaW0lezRVNrBMjsDcGIwZkK6sCpFHR-ptpXQwnmbBsO3HLre3RypSov9S-jCj0vi1xVFiYFHJ-4IOzGZGhFChbIRanZPUH6mJ_UCdbOyboXGh80FjRP8qLhoz4-hIwQpyX7EpVRGjumzCNYSUnUY5F6c5HEVRblT7C-KDz-DxxRke1gvaHGSRA916Yt1jWDUTkeCdCs8tS7EHPTlDlF7EDTBhTM8AksUXzflRY8JiHrP6hs97TJtFmtsxNKC0TGCbB7p0ezOI0ZguwIgLaZupA_pOYrsrWrYmrAR-IMdDPi0EQdZHqQuj171FZZoiCl5zH5_taejTB-MEnpYEUeDuDF-CpuEQly-szvNmLOOKhy99WkCZ_Ao_mHGeYxPO-hTIm8gt5NHU5k85KTNPBmVW_EeMFY0zp0wwdeXFT__oJyB0cCCPKPi5OLrEHMQUfv4H8zHem75cbdgZSjYJX0RdYIyVuqOTA51CSQZeyS3NsSJBiP3RSlsFn8hGsXD80dSEWRsocaKXb1aCENeOF_qUfBwiGBHwc2EQ_D__DBKAVPMXKHGkHQzFUKQcwLZ5tpc9Nuj6h8b3U13tIN-oJD8OjgvyADJM539S6dnx3EQ5ySUYqVW5_nY5m1E_GMW1KCZUgaEVeCp1wMSH__4KKJ1JeEURNtObU1Pl-89-ycQ7e0RqrsYq4ROfuOag7WqSdVMP3KmXTK4k32t1rawsowTCFKl1FytqwI04-422J3SZTP7UOIovl7rRwV-17kUFV_M3OoWNJaonIme4qWeh_25_hyJ67UDI9v6LDGus414y-5ZQoVHu3POCzQbvpyNBPcdm-ThIzx3AFOJ2xuwb0OybTEgp0KrfFyH3JPeCfvFGfh5RxdZhVglYSXyMxRxY-WxXHzYPT9ApPL7vFitLrVIHUxQQCKU2zAq3l8I9YuYHkW4PrAwFAa5sDl4OfRUJEL8SDgow-C112KVVMuv980iSJox3kxorcTA966Dg5ZQvBaQOCgt-QldtujWN1c3RbOfwbRB85iDnJZagEqBOpsfsVxqIMhtK7O6f3wGJ_x5ZrZqq8cmnyr4oipg03rwkn6tp1hVK7vclZfHsyowar1dvvAq25ZUzGzkzwOHtoPIFGXnXI-7Vu1ii-VRmyfpOy_KafyKlqX6YrbtbPDoAZZT-On8iJecoFmuHXdBBxUFXBWSjeCo6AvAL8jSq7ZsfRoAqVuxw4MMEQ_r7w1CMfe8qXQswqZhk-ch0GEbekEF7A_x9eeaBaE0wMUV1A7mRERteqCO96GrM6sQsO0DJjQa1eOvNhEXWUhjbqqCKLTINFkvl2htpg0Wh7cUIaW45WntAcSUhHHxoyW6MA7ELm3Giz9pgiABKS7aKlie5iChgk0Ri44wBhITfOWA5A=,1,
